.Random.seed <-
c(403L, 1L, -1113506132L, 1424128431L, 1042501989L, -2118287588L, 
-269687950L, 695492589L, -264466393L, 1738830L, -1577014104L, 
-324418901L, 1834698697L, 1837480920L, -463795578L, 1096067937L, 
1316794099L, -946114206L, 1016328148L, 1810545367L, 1308016845L, 
-445663132L, -1425500598L, -1637145675L, 95272719L, -981353450L, 
1362003648L, -702652285L, -1062708063L, -1795427696L, 1295675758L, 
-1527255271L, 1924015019L, 1061065114L, 334996828L, -687383457L, 
-289676235L, 1316298700L, -1636902110L, 1563977085L, 553870967L, 
2124054430L, -151331240L, -1053722693L, 1075059033L, 1364824808L, 
-1091728618L, -672195439L, -515165885L, 504699986L, -1324294428L, 
1703938343L, -1765709443L, -75653004L, 75121242L, -1404711259L, 
-2089632577L, 1565130566L, -1827209776L, -1434222605L, 1115514641L, 
-1940609216L, 1037487902L, -1100062743L, 1629779227L, -383774934L, 
1282506828L, 1753188367L, 373654341L, -1102469892L, 457782098L, 
373744845L, 1582679175L, -1258897554L, -2094362296L, 133600587L, 
-419694423L, -744699400L, -1597925082L, -381744575L, -1043962925L, 
-1900367486L, -163408460L, 1255948599L, -1390828499L, -988647100L, 
-590133654L, 1191186645L, -2063729041L, -141870218L, 1046957216L, 
-822106781L, 544220673L, 1141613936L, 1515287822L, 1753446265L, 
1087522571L, 2110793786L, -261146820L, -673581953L, -780408875L, 
1053657580L, 1220029250L, 749171869L, 617803031L, 1232069758L, 
907025464L, -283968741L, 466006137L, 243267784L, -260419338L, 
1837936945L, -847177373L, 793668402L, 1515611268L, 666476743L, 
1089321885L, -584712428L, -340183622L, -1797286907L, -22836769L, 
1755417702L, 1691519984L, -1663740653L, -1100682575L, -2089695904L, 
-1297106178L, 1132762761L, 1695031739L, -278824054L, 349045356L, 
-1128281105L, -680356827L, 309308636L, -2084977998L, 2031826349L, 
1563273575L, 1253181070L, 2106027880L, -161695893L, 1780232457L, 
801474456L, 7282374L, -1756083167L, 1353640115L, -967306718L, 
-25705452L, 1449040023L, 494828173L, 942078884L, -1932384886L, 
1794073077L, 795352143L, 1420598102L, 1956753920L, -1716073661L, 
1474546401L, 1579792464L, -390604626L, -906625959L, 472624235L, 
1231004122L, -1780389220L, 1676723359L, -408414475L, -180565108L, 
461630050L, 1673506365L, -1433743177L, -1594929314L, 2127680152L, 
2092769787L, 772602777L, 569402408L, 1962996950L, -904494767L, 
1824989187L, -574380142L, -236247772L, 1620487143L, 1986613309L, 
-68518220L, -891038438L, -1066461595L, 1236269823L, -1032175738L, 
798806288L, 465502643L, 2109143633L, 323258880L, -1029126434L, 
-243593943L, -1107562277L, 2108196842L, -1833244788L, 287103183L, 
-1575085947L, 1996892988L, -1931578862L, 868182285L, -36400569L, 
-1414404050L, 1974549896L, -124951413L, 1641651817L, 2136334904L, 
-83471642L, -1970704767L, 1811042835L, 505763266L, 1298849396L, 
-2021773193L, 1915416941L, -1024522748L, 1884296490L, -1385696619L, 
1203657007L, -1362469834L, -589629344L, -1806414173L, 1785989569L, 
-1095117392L, 2061032654L, -478913991L, -1561158581L, -793002502L, 
-1764640516L, 950320447L, -59403755L, -1606259948L, -1644743384L, 
336543802L, 1262449616L, -2108294548L, -1394521036L, -21630830L, 
-1481467552L, -758325940L, 1388492256L, 247896994L, -762774616L, 
-1796133748L, -1704664132L, 1782944882L, 2061412336L, 451523652L, 
-1865177000L, 1153126458L, 1209510000L, -64090564L, 528451348L, 
363391682L, 870781664L, 1643201660L, 1306045648L, -1198455902L, 
1127513640L, 2101235980L, 883668924L, 65585458L, -672655168L, 
580055604L, 82881224L, -1510042950L, -1823892336L, -377440532L, 
-1753237932L, 60716690L, -1525291232L, -44886068L, 1744775392L, 
1541938882L, -190917592L, -2033534036L, 1802689212L, -941219342L, 
-1807878608L, -514779228L, -641805896L, -1920193702L, 1763042448L, 
960256892L, 1287810836L, -275731134L, -106033408L, -328270916L, 
39284560L, 3289378L, 575113800L, 405673996L, 86297692L, 252260818L, 
2075129344L, 1753002324L, -1974357784L, 1287385338L, 438531792L, 
1384786220L, -614676236L, 2140151186L, 494397792L, -958568436L, 
-2038355232L, -2046348702L, 17943208L, -679540148L, 347461500L, 
-936469198L, 1423214192L, -1016620220L, -1400121384L, -1756680326L, 
1821982256L, -1853245508L, -1611061676L, -1671161790L, 77140128L, 
307261116L, 1091217872L, 1750975330L, -1681218840L, 2135724236L, 
-1831464452L, 749992434L, -618067328L, -81144332L, 1256097416L, 
-556208326L, -231443632L, 1440429164L, -2054387308L, 31282258L, 
-484210208L, 481500364L, 445803680L, 564827522L, -1141612312L, 
-2023350548L, -348136132L, -1644684174L, -1384304528L, 533088292L, 
-1914254280L, 793040666L, 1972931792L, -416803012L, 1554536340L, 
-1852089470L, -198897216L, 1507565116L, 703608208L, -87693790L, 
1968504072L, -1833896308L, -957864164L, 1954050194L, 173070720L, 
649096724L, 578916136L, -1844600262L, -639896112L, -1052526228L, 
-1230048332L, 380311570L, -789660192L, 118591436L, 1535783136L, 
1007298594L, -1628872408L, 1401126412L, 463552316L, 306695154L, 
1374431984L, -1718032828L, -824532392L, 2011406138L, -1409518096L, 
-1698263364L, -711784172L, 2107820738L, -1568940960L, 427316092L, 
1775675344L, 261554466L, -930997592L, -1222716532L, 1810753724L, 
1422874418L, -349251008L, -1895914316L, -555718072L, -646517318L, 
1251293712L, 993450732L, -1347810988L, -792981230L, 515149216L, 
1382959820L, -842486176L, 701128642L, -1942098136L, 886718380L, 
924455740L, 1124235634L, 1691306800L, -918104796L, -773379272L, 
1980933850L, 123191184L, -1846386948L, 1147802516L, 1660160066L, 
1304655104L, 1594446908L, -971157168L, 935581858L, -1077253816L, 
-2133858548L, 594281180L, -1179628206L, -1569747840L, -298983340L, 
-264546328L, -972013318L, -1670067376L, -1100918996L, -53876364L, 
-1577092206L, 1097222240L, 465048972L, 1575283552L, 680548834L, 
-1868788824L, -241836852L, 386607100L, 1080817074L, -1744663056L, 
122833860L, 988761432L, 1587892602L, 31255472L, 316920252L, 468273236L, 
1632010178L, 1113380896L, -235734852L, 1018372688L, 1830427618L, 
998385768L, 1205685324L, 204585212L, -641594382L, 1021700352L, 
-1836998284L, -1084992504L, -13836358L, 2087633896L, -692874042L, 
-384093837L, 692935125L, 1355787698L, -843136128L, 71006057L, 
-572974117L, 1269973804L, 520101178L, -947887121L, -2105870727L, 
664809742L, -23072548L, -2094577843L, 1794786999L, -1381956544L, 
-1695220450L, -1414907925L, 1908202349L, 862329306L, 503501720L, 
-275543551L, 298617779L, -704902444L, 1474886626L, 1707929207L, 
1747711937L, -937581242L, 555529348L, -351331787L, -2031893985L, 
-522136200L, 1451357270L, 432204003L, -681828699L, 1870852930L, 
-925796048L, -1803624103L, -2048773429L, 912628540L, 1726690154L, 
-51732065L, -1262200791L, 844964542L, 739488684L, 1518887165L, 
-423998393L, 768015152L, -1658393522L, 864125051L, 1955869661L, 
-1342064118L, 1296297768L, 2129306001L, -1428703357L, 1245457540L, 
2026117810L, -1010213369L, 904076881L, -548506154L, 252905652L, 
-1634601787L, 484308495L, -1859268984L, -1944009818L, -1968108717L, 
604144821L, -413031918L, -1396822048L, -1961123255L, 1976379515L, 
94624076L, -1229796134L, 1031130319L, 558819481L, 1835820206L, 
1902264764L, 1177377325L, 365997527L, 677004320L, -138827394L, 
415254347L, 1042181453L, 1100559226L, -388389448L, 1254373217L, 
1052606227L, -1814800588L, 365970754L, -860772009L, -1853811551L, 
-345010842L, -471314588L, -1913897323L, -1644251201L, 247257944L, 
833509750L, 1930500995L, -510195259L, -1922810142L, -345284784L, 
-1266218375L, -1063006805L, -1329409252L, 643589194L, -923197377L, 
-427839351L, 210068638L, -1040826036L, 1478711581L, -476379993L, 
-1794063408L, -523969682L, -2137101797L, 727673725L, 178645354L, 
1055787016L, 1816301745L, -288182493L, -349483996L, 1547865810L, 
757668647L, 1744047473L, 1278735286L, -1763772588L, -1179602459L, 
1608109039L, -1197819096L, 2031758214L, 749250483L, -729944299L, 
544176498L, -1996001856L, -1175425495L, -637869413L, -1279423636L, 
1157935994L, -1653953361L, -1266288711L, -643751474L, 755123484L, 
-1015869299L, 76938487L, 2028333056L, -1589007778L, -155151061L, 
